440c0201wav_54-513 5827 4322 20071 110903 76483 40046 55255 67887 120718 58488 94018 
440c0202wav_27-1134 53310 110903 21819 48534 39151 52656 56460 67887 120319 81162 74753 79212 110953 53877 58972 86607 3662 36603 110903 78455 111940 94007 102286 83559 53877 110903 77152 39151 122398 
440c0203wav_27-405 53310 310 47482 26619 67887 4891 53877 66 114409 96028 
440c0204wav_81-1080 80628 2772 23515 79212 83498 53429 8161 55011 51219 21819 120718 9017 112764 41100 79705 110903 10429 11670 114849 110903 108966 79999 2772 
440c0205wav_54-81 110903 
440c0205wav_81-378 110903 21819 87484 112752 80894 110903 23897 
440c0206wav_54-459 114310 80557 55969 9000 112764 90864 79705 110903 10429 11670 
440c0207wav_54-837 110903 1608 55809 3662 64617 111940 109375 4322 825 79705 110207 115307 90095 3662 38648 39888 79705 110903 22915 3662 114310 114310 111336 119370 
440c020Lwav_0-513 53310 110903 55561 78351 81316 100062 111336 83559 79212 110903 21819 
440c020Nwav_0-1053 53310 55984 16455 101744 79705 111940 110903 85391 120125 66 21877 85391 79999 109375 66 21919 82554 94644 15607 76625 34722 77983 86597 66 85391 
440c020Rwav_27-54 64 
440c020Rwav_54-810 87515 4891 44658 80640 96302 43214 15818 32813 117385 87335 53877 19262 33170 5827 43021 74846 23515 
